Titulo,Nota,Link
